30946
3063
17180
18295
3127
6897
8324
24695
15559
26835
8553
614
15463
16365
1900
18089
25589
26229
19835
5065
14829
23243
771
23505
18231
9473
26464
6648
11843
24987
22937
21376
14424
27027
28746
8158
19753
15265
19937
31771
2218
2745
1293
28026
25377
5588
8564
14171
8064
11507
10405
10335
29682
1889
10061
17101
8372
20281
7853
17461
26918
1577
26187
20563
8994
10101
21992
17205
20620
11071
19379
28320
30506
20229
25276
18097
10934
18283
28075
16832
32050
16187
2482
28553
18812
18346
24000
2958
3106
7645
23032
3767
15991
27051
2913
1084
26599
22949
22495
9668
