18.65
76.82
23.54
13.06
24.32
60.42
1.42
58.05
84.02
18.92
43.31
99.47
15.31
71.03
21.54
25.88
60.78
17.97
34.82
89.09
64.59
73.38
46.01
81.25
63.14
49.72
72.66
6.61
84.70
14.85
96.33
95.24
15.45
81.66
13.92
14.67
67.78
62.78
10.37
57.72
70.03
53.93
94.85
63.95
33.99
72.00
22.27
80.44
32.06
84.03
25.70
87.95
14.06
64.39
44.20
41.80
22.80
44.11
12.42
18.60
39.74
72.35
16.86
16.26
22.57
47.00
48.93
30.62
43.53
23.60
51.42
86.06
95.27
17.37
54.46
63.54
33.60
66.32
63.25
51.93
32.39
23.02
8.17
7.03
2.91
85.54
41.04
1.42
61.37
60.79
95.11
18.79
48.42
30.57
31.78
10.36
74.45
59.09
87.64
62.36
