96.800000
20.730000
66.140000
15.290000
92.650000
47.970000
49.040000
49.890000
96.460000
27.650000
47.570000
21.730000
27.150000
18.920000
30.540000
90.950000
72.240000
45.330000
10.450000
37.590000
29.650000
14.590000
67.420000
18.620000
37.410000
26.410000
16.320000
21.910000
3.670000
53.420000
83.250000
85.590000
78.930000
49.440000
58.360000
9.380000
2.400000
18.990000
7.460000
11.210000
73.210000
61.450000
62.620000
95.780000
6.980000
7.670000
54.520000
49.110000
39.860000
47.210000
27.260000
26.050000
1.970000
25.000000
73.630000
28.470000
65.360000
32.770000
47.650000
17.680000
32.500000
85.890000
41.780000
77.230000
48.580000
13.880000
25.970000
67.050000
86.460000
30.120000
7.310000
20.030000
40.960000
78.560000
4.720000
14.460000
20.430000
88.340000
71.920000
11.840000
90.930000
12.940000
28.910000
57.930000
25.230000
35.510000
68.130000
79.360000
95.400000
88.120000
46.870000
77.760000
32.380000
74.900000
72.670000
36.470000
44.560000
71.030000
99.770000
87.310000
