63.65
53.42
34.79
18.48
59.13
63.92
27.83
46.7
86.66
8.4
28.33
87.87
78.66
77.84
79.39
64.05
21.74
61.85
67.1
2.74
7.68
98.12
18.52
57.54
7.53
34.49
28.45
49.83
37.55
4.71
22.96
16.37
31.21
2.96
4.63
86.19
17.37
9.44
43.32
53.4
84.39
6.13
52.35
49.96
79.46
77.49
14.46
45.94
48.07
48.39
58.27
15.98
86.47
9.42
56.48
87.65
39.09
66.42
51.2
92.05
19.15
46.8
38.36
41.78
44.83
23.71
79.03
28.89
42.1
78.61
20.78
95.25
16.32
59.85
40.89
10.17
27.58
43.42
47.11
96.03
98.5
49.05
69.19
69.93
42.31
63.1
57.58
69.13
14.68
5.14
9.41
13.87
79.56
52.71
49.84
13.87
34.97
6.2
80.49
85.78
