21394
7139
9058
9856
24455
32699
17905
9421
16879
4823
26346
5949
15822
11253
25250
1828
7218
187
9652
17914
25286
20988
14398
7100
22692
11575
2381
13455
19819
26464
3733
4519
22161
13539
3174
359
30459
743
6619
25289
25803
30159
13653
14337
24954
12551
32039
19549
22566
19453
24723
29040
13869
6253
23798
5999
12794
7650
6975
17627
29727
28282
421
12640
22180
14569
3482
2046
11935
15296
2554
5222
21509
32240
30089
24487
23488
28809
11676
9
14338
24008
12566
8249
13016
18769
3990
423
30466
9657
22767
32301
6914
839
8409
19697
25203
7164
27366
3724
