1918.60
6492.30
6362.39
4574.75
8694.37
4195.66
1694.60
7703.13
3687.62
2414.37
9101.99
1986.56
5404.81
9718.85
9587.77
2663.12
7247.37
3326.62
6042.18
9914.28
6560.36
4566.54
6020.66
4094.78
4083.55
5604.39
4801.08
8446.72
2093.55
4140.10
9274.23
1894.39
4709.80
2109.56
8336.80
8268.07
3209.69
1974.95
3912.70
8346.91
7603.13
2675.37
6912.47
5923.72
2397.88
4528.12
2433.18
3838.81
8382.32
 281.53
 149.18
5675.94
8111.08
8739.41
2103.27
4502.88
9261.00
 392.16
9460.00
9606.70
6274.68
5504.93
6391.47
2762.41
5668.87
1774.12
3581.27
6468.88
6970.91
1738.28
5208.66
6229.88
8444.44
6641.47
8220.21
7129.12
1011.40
9628.66
9364.43
8808.79
1451.60
7568.35
6977.49
9475.04
5202.01
9060.47
8225.51
3721.73
1636.18
3919.66
4675.48
3831.93
8378.87
2946.48
4668.66
8782.83
3827.19
1452.24
8208.91
9858.76
2278.71
9741.92
1151.83
2744.27
7541.08
 639.26
3473.20
3894.65
7575.40
7629.96
4565.83
6244.03
4028.03
7535.74
3006.10
2505.17
1369.29
5541.76
3561.87
2609.51
5189.52
2718.60
8053.54
8155.85
7546.83
 934.69
1953.37
2098.35
8731.28
6887.84
9420.48
2261.73
1032.02
9020.10
7938.31
9728.83
9237.14
1143.16
  47.08
 419.26
2063.61
8488.93
1309.57
2154.31
8469.23
8594.20
9152.64
9132.85
2465.58
6505.64
7580.30
3278.91
2819.62
2524.67
7004.68
3186.18
7250.97
8889.49
8621.17
8726.40
3919.39
5918.83
9031.76
2099.59
7986.07
3155.50
2230.87
7089.81
6613.84
8126.53
7479.38
8580.85
9073.62
 269.15
5405.18
8428.99
6809.75
3968.33
6767.58
2665.59
4746.71
2611.06
8051.93
 335.89
3996.18
1767.74
1050.67
8151.81
5666.74
5060.71
5355.13
9477.70
7168.61
6583.17
1221.67
4942.72
5565.38
 876.41
 508.52
5824.74
2533.28
7915.96
7644.71
3089.53
3412.17
3196.31
 179.54
 226.73
6876.37
8803.48
2654.77
4299.45
7680.66
1470.92
7275.28
3491.61
 648.31
3296.11
5304.65
8097.42
1615.70
1016.66
4591.58
4726.19
2593.78
7881.72
6640.71
6007.19
8421.57
1004.65
1050.92
9480.77
9067.09
6088.01
 613.34
2832.29
8390.26
7319.96
1564.55
 209.61
1451.38
8003.25
5729.59
5293.70
1662.49
9014.31
9171.22
2933.07
 750.87
8882.90
9638.42
1068.93
1371.88
4099.42
 814.86
7793.83
9086.37
4710.61
9500.04
1997.31
9925.59
7196.67
 558.76
6958.77
8986.52
9594.70
9778.59
6581.01
2354.88
 761.04
4618.64
1401.27
3060.55
9874.36
7769.14
7547.49
1692.33
8754.95
8794.63
1788.45
2342.51
5775.54
4192.74
9290.58
3536.18
1214.85
 352.50
5151.37
5679.35
9929.97
1350.06
2613.13
1079.21
2180.15
4477.55
6476.01
6581.23
5860.83
2672.97
4741.53
5513.85
7720.27
6241.56
2798.27
 485.16
4394.17
6853.11
9654.07
1506.79
2886.96
5856.55
3746.46
 290.94
9051.51
3845.00
3648.93
8378.10
2256.49
6188.94
1251.85
4417.59
6868.16
5138.98
6352.89
9354.60
8350.06
8316.03
9036.03
7745.47
6912.35
1717.82
 614.90
2955.15
 303.70
 683.16
7308.08
4033.16
 575.60
2535.40
2395.11
8859.26
6490.04
3048.26
6442.55
8725.52
1728.67
8058.55
4906.43
7666.37
9171.02
2363.81
5240.77
6008.12
  79.78
6820.33
9173.36
6104.71
8779.97
7278.04
 396.08
8471.49
8540.02
 400.83
2936.90
 430.89
 797.85
4417.55
2182.05
5779.55
4748.09
7557.54
1674.74
6700.65
 800.58
6225.22
7669.98
2923.50
2788.96
2059.68
2422.94
5662.42
4104.39
7147.35
5088.97
 354.89
2587.39
1822.03
2971.04
6549.42
6026.60
8672.85
2614.42
7585.45
5783.85
  43.02
9910.96
6370.93
8983.70
4760.28
9932.89
8522.81
5462.52
6557.59
5980.21
5603.72
2706.43
  54.26
3149.09
7355.57
1197.64
5667.34
7675.47
1852.11
7842.83
9770.14
5634.12
2860.36
8391.49
7115.07
9625.00
5444.62
1212.47
5910.02
6745.34
6409.96
4050.75
1769.54
3160.76
4077.99
2820.26
7581.56
7191.92
3151.90
 295.40
5198.36
 457.65
1018.31
4502.63
2273.53
6410.75
3678.56
3955.16
4621.16
6133.05
8221.25
9825.68
4156.82
7743.15
1636.94
5266.84
4897.36
8044.90
3419.05
6093.36
 896.10
 545.75
 484.89
9088.72
5214.48
1354.54
3965.76
6486.98
8933.82
5109.80
8824.86
 971.44
1488.97
2509.74
9271.91
9872.52
8813.99
7150.30
5046.17
4598.99
1409.06
4036.24
 617.61
 856.51
7801.43
2814.05
1364.40
3591.66
6833.00
2382.13
5163.19
5277.13
4378.77
 205.69
4628.43
4119.22
7056.86
9956.88
 575.65
3921.94
1355.05
 562.65
5393.45
2173.59
9806.70
6188.66
2114.93
 608.51
5589.76
7688.70
1228.63
7746.48
3019.09
7672.18
3302.44
1486.45
3941.11
5891.66
9503.70
4308.14
3839.57
5274.48
7957.95
9488.81
5641.03
4221.73
5288.79
7912.14
4213.72
4460.70
1235.54
4806.56
 604.93
8095.60
1360.67
7911.99
8106.67
1013.35
9143.40
8368.93
1187.26
1590.70
 492.82
5729.06
5952.84
1204.25
 955.01
5161.14
2875.07
1501.82
1596.51
2227.91
5257.28
4198.03
7906.77
9017.81
4905.53
5816.27
3842.29
2803.20
9184.62
  76.16
6267.97
3003.94
7484.29
3322.38
4050.48
8031.80
   7.80
8669.75
6367.01
3519.50
3867.29
1105.66
3381.85
9727.81
5572.14
1954.53
7596.12
4382.77
2349.07
  78.83
4463.33
5306.16
 815.04
5301.64
8071.69
4188.49
7931.62
6852.98
3241.45
1906.71
9401.75
5208.07
8955.21
6145.71
9666.62
4383.84
6230.17
6933.46
4898.62
5491.91
3516.33
3602.21
3500.93
 576.65
9891.81
4271.21
7532.27
8439.75
2561.76
6912.82
6664.45
2198.39
4810.04
4947.31
9441.29
 458.99
9721.16
9875.01
9450.69
3079.06
5992.47
1470.43
9409.90
6914.53
2744.35
9758.06
  29.32
4034.19
4439.74
2651.73
3833.90
1367.72
2703.54
3415.61
5074.01
6034.06
  34.45
1791.79
2312.95
 892.39
6078.68
3986.52
4670.96
8262.53
9475.45
1644.45
1417.20
7234.09
1196.36
3511.28
3866.99
4352.58
1007.60
4539.38
6144.45
9000.64
6681.21
 448.13
3202.20
8142.19
 970.90
9917.36
7692.35
3588.29
8919.72
9678.20
4302.10
1287.79
4373.78
3327.19
9538.71
4921.62
6678.24
5004.67
9061.47
2737.84
8024.72
5653.46
 440.48
8835.93
5544.21
7256.27
8531.31
5567.64
5340.18
9185.30
9137.44
2446.29
8520.72
5782.71
6958.89
3490.79
8319.81
9057.07
5013.86
 799.73
5867.66
4690.37
3173.65
9216.95
9181.98
6716.75
1598.87
8410.62
8429.69
7522.75
6841.00
8922.87
 837.13
4954.92
7599.69
6723.94
2943.41
8309.70
 951.33
 755.78
2929.19
7977.47
 625.97
6420.50
 286.69
8314.79
9955.07
1111.59
7847.51
3789.75
3588.84
1224.32
 735.20
7296.94
7964.24
1637.27
8048.67
5493.21
5676.66
 918.55
4009.54
1521.70
8484.33
6482.68
6280.78
7140.97
4133.24
2014.99
6449.00
4100.22
9184.32
7559.08
4187.76
7407.40
5679.04
3971.08
8565.81
8216.34
9292.83
3214.87
7841.40
6774.93
9141.03
8326.01
2731.37
4403.90
1491.98
7000.22
1313.72
5273.93
5326.19
4544.33
9960.71
9091.84
6023.97
9948.60
5164.42
3517.06
9589.19
5873.38
1786.66
8477.46
2421.02
7834.47
 606.75
1278.05
5423.40
2126.51
6118.20
9730.88
7840.66
7235.10
5663.24
7861.73
  18.36
4325.22
1418.14
9717.89
7606.64
2954.28
7957.86
3733.99
8376.93
6715.08
3245.45
  24.70
9287.15
7624.22
4694.90
5736.74
 127.58
3869.53
5342.74
8996.97
2108.62
5181.85
2708.77
6438.41
3230.82
5432.58
1384.64
3249.09
1907.12
7664.02
3867.10
7729.45
9838.53
4106.27
1431.04
1143.83
7014.32
1444.42
5380.68
2860.38
8750.41
7008.13
9246.34
8334.21
3865.55
4541.06
9575.88
6756.11
6553.15
 642.17
4969.21
4828.37
2308.52
9470.12
9973.15
7541.59
3432.69
 158.25
9624.03
6975.65
8605.30
8072.49
8481.87
1349.38
3938.03
9360.29
1218.34
8001.64
8671.67
7479.97
7236.10
1988.91
3095.43
 150.78
1470.09
3774.35
1844.03
9869.99
2324.26
4608.72
4326.07
9208.91
 427.48
4987.05
8741.77
8445.62
5455.62
2037.61
6167.91
9555.90
4345.91
9776.30
6077.77
6844.02
2320.54
4469.35
9470.83
6416.24
1266.20
 100.00
4226.49
2618.67
8289.50
4471.10
 650.69
6598.90
 222.64
6244.63
7832.79
3351.30
2998.22
 547.87
1773.57
6427.67
5384.49
2184.44
1860.44
1248.51
2907.11
4048.53
 920.49
3253.65
1967.70
8491.96
9106.16
8201.91
1458.68
1880.27
4669.54
6763.16
7799.58
2725.86
7760.20
5547.00
5034.50
4422.27
4403.97
3944.61
4999.62
 425.96
6533.83
8354.90
3485.71
3198.07
 717.71
7537.37
6900.22
7289.00
5507.41
5110.14
8034.92
7152.54
9155.91
6577.38
6918.96
4364.04
1221.31
8815.62
4524.29
1560.03
5336.97
8441.99
3563.58
3306.91
4575.51
5589.26
 900.48
 481.97
3122.02
 864.77
9645.60
 279.83
 356.08
1745.82
9634.11
1815.97
5619.66
8657.75
4481.28
4801.68
9545.97
2498.02
6809.07
9453.49
1648.16
4175.04
7286.80
5679.15
6760.83
8087.88
4358.41
6785.86
8977.18
1729.05
6402.90
3022.97
8332.36
5776.79
 752.75
6098.09
5732.05
9501.61
6490.88
4903.96
4533.74
2697.01
7252.41
8844.97
4081.77
3094.97
3169.37
5746.84
4540.80
8917.11
