9016.10
8563.34
1148.87
1050.58
1288.65
1838.12
7101.07
5912.98
7071.01
1610.06
3686.81
9028.19
8040.33
4569.67
 312.23
8715.42
1173.51
3659.03
8396.72
3477.52
2711.94
 806.74
1411.62
8700.57
6615.50
3217.89
4871.58
1733.40
9856.65
5352.43
7783.03
2613.23
9313.74
4636.68
9142.75
3495.43
6979.40
1408.37
3000.35
8788.96
2731.60
3963.42
4853.75
  24.66
9463.73
7201.01
8250.21
1210.73
2955.30
4514.35
6030.26
9601.17
 249.31
 134.48
2152.32
3340.02
3936.25
6261.30
3401.71
7831.01
6151.92
3846.41
2307.71
2917.27
1440.39
5714.11
3236.86
7321.35
1915.39
 853.67
6314.69
5350.68
2011.22
2445.75
6511.53
9639.31
 397.32
2698.53
6531.72
8066.39
7229.00
2604.79
 728.15
7391.09
5822.99
5117.12
2816.88
4671.96
5442.23
 735.25
1841.41
8996.52
3168.73
3080.06
5595.79
5132.72
4160.28
3290.98
1170.76
9040.93
